# x erf(x) gamma(x) lngamma(x)
-2.950000e+00 -9.999698e-01 -3.562769e+00 nan
-2.900000e+00 -9.999589e-01 -1.918433e+00 nan
-2.850000e+00 -9.999443e-01 -1.387950e+00 nan
-2.800000e+00 -9.999250e-01 -1.138602e+00 nan
-2.750000e+00 -9.998993e-01 -1.004498e+00 nan
-2.700000e+00 -9.998656e-01 -9.310828e-01 nan
-2.650000e+00 -9.998215e-01 -8.958603e-01 nan
-2.600000e+00 -9.997639e-01 -8.886857e-01 nan
-2.550000e+00 -9.996893e-01 -9.053586e-01 nan
-2.500000e+00 -9.995930e-01 -9.453087e-01 nan
-2.450000e+00 -9.994693e-01 -1.010946e+00 nan
-2.400000e+00 -9.993114e-01 -1.108030e+00 nan
-2.350000e+00 -9.991106e-01 -1.247142e+00 nan
-2.300000e+00 -9.988567e-01 -1.447107e+00 nan
-2.250000e+00 -9.985372e-01 -1.742815e+00 nan
-2.200000e+00 -9.981370e-01 -2.204981e+00 nan
-2.150000e+00 -9.976385e-01 -2.999619e+00 nan
-2.100000e+00 -9.970204e-01 -4.626098e+00 nan
-2.050000e+00 -9.962580e-01 -9.583771e+00 nan
-1.950000e+00 -9.941792e-01 1.051017e+01 nan
-1.900000e+00 -9.927903e-01 5.563455e+00 nan
-1.850000e+00 -9.911110e-01 3.955658e+00 nan
-1.800000e+00 -9.890905e-01 3.188086e+00 nan
-1.750000e+00 -9.866717e-01 2.762369e+00 nan
-1.700000e+00 -9.837905e-01 2.513924e+00 nan
-1.650000e+00 -9.803756e-01 2.374030e+00 nan
-1.600000e+00 -9.763485e-01 2.310583e+00 nan
-1.550000e+00 -9.716228e-01 2.308664e+00 nan
-1.500000e+00 -9.661053e-01 2.363272e+00 nan
-1.450000e+00 -9.596952e-01 2.476819e+00 nan
-1.400000e+00 -9.522853e-01 2.659272e+00 nan
-1.350000e+00 -9.437623e-01 2.930783e+00 nan
-1.300000e+00 -9.340081e-01 3.328347e+00 nan
-1.250000e+00 -9.229002e-01 3.921333e+00 nan
-1.200000e+00 -9.103140e-01 4.850957e+00 nan
-1.150000e+00 -8.961239e-01 6.449181e+00 nan
-1.100000e+00 -8.802050e-01 9.714806e+00 nan
-1.050000e+00 -8.624360e-01 1.964673e+01 nan
-9.500000e-01 -8.208907e-01 -2.049483e+01 nan
-9.000000e-01 -7.969081e-01 -1.057056e+01 nan
-8.500000e-01 -7.706679e-01 -7.317968e+00 nan
-8.000000e-01 -7.421009e-01 -5.738555e+00 nan
-7.500000e-01 -7.111556e-01 -4.834147e+00 nan
-7.000000e-01 -6.778012e-01 -4.273670e+00 nan
-6.500000e-01 -6.420294e-01 -3.917149e+00 nan
-6.000000e-01 -6.038562e-01 -3.696933e+00 nan
-5.500000e-01 -5.633235e-01 -3.578430e+00 nan
-5.000000e-01 -5.205000e-01 -3.544908e+00 nan
-4.500000e-01 -4.754818e-01 -3.591387e+00 nan
-4.000000e-01 -4.283924e-01 -3.722981e+00 nan
-3.500000e-01 -3.793821e-01 -3.956557e+00 nan
-3.000000e-01 -3.286267e-01 -4.326851e+00 nan
-2.500000e-01 -2.763263e-01 -4.901667e+00 nan
-2.000000e-01 -2.227025e-01 -5.821149e+00 nan
-1.500000e-01 -1.679959e-01 -7.416558e+00 nan
-1.000000e-01 -1.124630e-01 -1.068629e+01 nan
-5.000000e-02 -5.637212e-02 -2.062907e+01 nan
5.000000e-02 5.637212e-02 1.947009e+01 2.968879e+00
1.000000e-01 1.124630e-01 9.513508e+00 2.252713e+00
1.500000e-01 1.679959e-01 6.220273e+00 1.827814e+00
2.000000e-01 2.227025e-01 4.590844e+00 1.524064e+00
2.500000e-01 2.763263e-01 3.625610e+00 1.288023e+00
3.000000e-01 3.286267e-01 2.991569e+00 1.095798e+00
3.500000e-01 3.793821e-01 2.546147e+00 9.345812e-01
4.000000e-01 4.283924e-01 2.218160e+00 7.966778e-01
4.500000e-01 4.754818e-01 1.968136e+00 6.770871e-01
5.000000e-01 5.205000e-01 1.772454e+00 5.723649e-01
5.500000e-01 5.633235e-01 1.616124e+00 4.800308e-01
6.000000e-01 6.038562e-01 1.489192e+00 3.982339e-01
6.500000e-01 6.420294e-01 1.384795e+00 3.255522e-01
7.000000e-01 6.778012e-01 1.298055e+00 2.608672e-01
7.500000e-01 7.111556e-01 1.225417e+00 2.032809e-01
8.000000e-01 7.421009e-01 1.164230e+00 1.520597e-01
8.500000e-01 7.706679e-01 1.112484e+00 1.065951e-01
9.000000e-01 7.969081e-01 1.068629e+00 6.637623e-02
9.500000e-01 8.208907e-01 1.031453e+00 3.096879e-02
1.000000e+00 8.427007e-01 1.000000e+00 -6.470419e-09
1.050000e+00 8.624360e-01 9.735043e-01 -2.685308e-02
1.100000e+00 8.802050e-01 9.513508e-01 -4.987245e-02
1.150000e+00 8.961239e-01 9.330409e-01 -6.930622e-02
1.200000e+00 9.103140e-01 9.181687e-01 -8.537410e-02
1.250000e+00 9.229002e-01 9.064025e-01 -9.827185e-02
1.300000e+00 9.340081e-01 8.974707e-01 -1.081748e-01
1.350000e+00 9.437623e-01 8.911514e-01 -1.152409e-01
1.400000e+00 9.522853e-01 8.872638e-01 -1.196129e-01
1.450000e+00 9.596952e-01 8.856614e-01 -1.214206e-01
1.500000e+00 9.661053e-01 8.862269e-01 -1.207822e-01
1.550000e+00 9.716228e-01 8.888683e-01 -1.178062e-01
1.600000e+00 9.763485e-01 8.935153e-01 -1.125918e-01
1.650000e+00 9.803756e-01 9.001168e-01 -1.052307e-01
1.700000e+00 9.837905e-01 9.086387e-01 -9.580770e-02
1.750000e+00 9.866717e-01 9.190625e-01 -8.440113e-02
1.800000e+00 9.890905e-01 9.313838e-01 -7.108388e-02
1.850000e+00 9.911110e-01 9.456112e-01 -5.592382e-02
1.900000e+00 9.927903e-01 9.617658e-01 -3.898428e-02
1.950000e+00 9.941792e-01 9.798807e-01 -2.032451e-02
2.000000e+00 9.953221e-01 1.000000e+00 -1.093510e-08
2.050000e+00 9.962580e-01 1.022179e+00 2.193708e-02
2.100000e+00 9.970204e-01 1.046486e+00 4.543773e-02
2.150000e+00 9.976385e-01 1.072997e+00 7.045572e-02
2.200000e+00 9.981370e-01 1.101802e+00 9.694746e-02
2.250000e+00 9.985372e-01 1.133003e+00 1.248717e-01
2.300000e+00 9.988567e-01 1.166712e+00 1.541894e-01
2.350000e+00 9.991106e-01 1.203054e+00 1.848637e-01
2.400000e+00 9.993114e-01 1.242169e+00 2.168593e-01
2.450000e+00 9.994693e-01 1.284209e+00 2.501430e-01
2.500000e+00 9.995930e-01 1.329340e+00 2.846829e-01
2.550000e+00 9.996893e-01 1.377746e+00 3.204488e-01
2.600000e+00 9.997639e-01 1.429625e+00 3.574119e-01
2.650000e+00 9.998215e-01 1.485193e+00 3.955446e-01
2.700000e+00 9.998656e-01 1.544686e+00 4.348205e-01
2.750000e+00 9.998993e-01 1.608359e+00 4.752147e-01
2.800000e+00 9.999250e-01 1.676491e+00 5.167028e-01
2.850000e+00 9.999443e-01 1.749381e+00 5.592618e-01
2.900000e+00 9.999589e-01 1.827355e+00 6.028696e-01
2.950000e+00 9.999698e-01 1.910767e+00 6.475049e-01
3.000000e+00 9.999779e-01 2.000000e+00 6.931472e-01
3.050000e+00 9.999839e-01 2.095468e+00 7.397769e-01
3.100000e+00 9.999883e-01 2.197620e+00 7.873751e-01
3.150000e+00 9.999916e-01 2.306944e+00 8.359236e-01
3.200000e+00 9.999940e-01 2.423965e+00 8.854048e-01
3.250000e+00 9.999957e-01 2.549257e+00 9.358019e-01
3.300000e+00 9.999969e-01 2.683437e+00 9.870986e-01
3.350000e+00 9.999978e-01 2.827178e+00 1.039279e+00
3.400000e+00 9.999985e-01 2.981206e+00 1.092328e+00
3.450000e+00 9.999989e-01 3.146312e+00 1.146231e+00
3.500000e+00 9.999993e-01 3.323351e+00 1.200974e+00
3.550000e+00 9.999995e-01 3.513252e+00 1.256542e+00
3.600000e+00 9.999996e-01 3.717024e+00 1.312923e+00
3.650000e+00 9.999998e-01 3.935761e+00 1.370104e+00
3.700000e+00 9.999998e-01 4.170652e+00 1.428072e+00
3.750000e+00 9.999999e-01 4.422988e+00 1.486816e+00
3.800000e+00 9.999999e-01 4.694174e+00 1.546322e+00
3.850000e+00 9.999999e-01 4.985735e+00 1.606581e+00
3.900000e+00 1.000000e+00 5.299330e+00 1.667580e+00
3.950000e+00 1.000000e+00 5.636763e+00 1.729310e+00
4.000000e+00 1.000000e+00 6.000000e+00 1.791759e+00
