0.05 0.0950663 0.0951229
0.1 0.180863 0.180967
0.15 0.258069 0.258212
0.2 0.327318 0.327492
0.25 0.389201 0.3894
0.3 0.444272 0.444491
0.35 0.493049 0.493282
0.4 0.536015 0.536256
0.45 0.573619 0.573865
0.5 0.606283 0.606531
0.55 0.634399 0.634645
0.6 0.658332 0.658574
0.65 0.678425 0.67866
0.7 0.694993 0.695219
0.75 0.708334 0.70855
0.8 0.718722 0.718926
0.85 0.726414 0.726605
0.9 0.731648 0.731825
0.95 0.734645 0.734808
1 0.735611 0.735759
1.05 0.734737 0.734869
1.1 0.7322 0.732316
1.15 0.728164 0.728265
1.2 0.722781 0.722866
1.25 0.716193 0.716262
1.3 0.708529 0.708583
1.35 0.69991 0.699949
1.4 0.690448 0.690471
1.45 0.680244 0.680254
1.5 0.669395 0.66939
1.55 0.657987 0.657969
1.6 0.6461 0.646069
1.65 0.633808 0.633765
1.7 0.62118 0.621124
1.75 0.608276 0.608209
1.8 0.595154 0.595076
1.85 0.581866 0.581778
1.9 0.568459 0.568361
1.95 0.554976 0.554869
2 0.541457 0.541341
2.05 0.527937 0.527813
2.1 0.514448 0.514317
2.15 0.50102 0.500882
2.2 0.487678 0.487534
2.25 0.474447 0.474297
2.3 0.461346 0.461191
2.35 0.448395 0.448235
2.4 0.435611 0.435446
2.45 0.423007 0.422839
2.5 0.410597 0.410425
2.55 0.398391 0.398216
2.6 0.3864 0.386223
2.65 0.374631 0.374451
2.7 0.363091 0.36291
2.75 0.351786 0.351603
2.8 0.340721 0.340536
2.85 0.329898 0.329713
2.9 0.31932 0.319135
2.95 0.30899 0.308804
3 0.298908 0.298722
3.05 0.289075 0.288889
3.1 0.27949 0.279305
3.15 0.270152 0.269968
3.2 0.261061 0.260878
3.25 0.252214 0.252032
3.3 0.243609 0.243429
3.35 0.235244 0.235065
3.4 0.227115 0.226938
3.45 0.21922 0.219045
3.5 0.211555 0.211382
3.55 0.204116 0.203945
3.6 0.196899 0.196731
3.65 0.189901 0.189735
3.7 0.183118 0.182954
3.75 0.176544 0.176383
3.8 0.170176 0.170018
3.85 0.16401 0.163854
3.9 0.15804 0.157887
3.95 0.152262 0.152112
4 0.146672 0.146525
4.05 0.141265 0.141121
4.1 0.136037 0.135896
4.15 0.130983 0.130845
4.2 0.126098 0.125963
4.25 0.121378 0.121246
4.3 0.116818 0.11669
4.35 0.112415 0.112289
4.4 0.108163 0.108041
4.45 0.104058 0.103939
4.5 0.100097 0.099981
4.55 0.0962744 0.0961616
4.6 0.0925865 0.0924769
4.65 0.0890294 0.0889229
4.7 0.0855989 0.0854956
4.75 0.0822913 0.0821911
4.8 0.0791026 0.0790056
4.85 0.0760292 0.0759353
4.9 0.0730673 0.0729765
4.95 0.0702135 0.0701257
5 0.0674641 0.0673795
5.05 0.0648158 0.0647343
5.1 0.0622653 0.0621868
5.15 0.0598093 0.0597339
5.2 0.0574447 0.0573723
5.25 0.0551684 0.0550989
5.3 0.0529773 0.0529109
5.35 0.0508687 0.0508052
5.4 0.0488396 0.0487791
5.45 0.0468872 0.0468297
5.5 0.0450091 0.0449545
5.55 0.0432024 0.0431508
5.6 0.0414648 0.0414161
5.65 0.0397937 0.0397479
5.7 0.0381869 0.038144
5.75 0.0366419 0.036602
5.8 0.0351567 0.0351196
5.85 0.033729 0.0336948
5.9 0.0323567 0.0323254
5.95 0.0310378 0.0310095
6 0.0297704 0.029745
6.05 0.0285526 0.0285301
6.1 0.0273825 0.027363
6.15 0.0262584 0.0262418
6.2 0.0251785 0.0251649
6.25 0.0241413 0.0241307
6.3 0.023145 0.0231374
6.35 0.0221882 0.0221837
6.4 0.0212694 0.0212679
6.45 0.0203871 0.0203887
6.5 0.0195399 0.0195447
6.55 0.0187265 0.0187345
6.6 0.0179456 0.0179569
6.65 0.0171959 0.0172105
6.7 0.0164763 0.0164942
6.75 0.0157855 0.0158069
6.8 0.0151225 0.0151473
6.85 0.0144862 0.0145145
6.9 0.0138755 0.0139074
6.95 0.0132893 0.013325
7 0.0127269 0.0127663
7.05 0.0121871 0.0122305
7.1 0.0116691 0.0117165
7.15 0.0111721 0.0112236
7.2 0.0106952 0.0107508
7.25 0.0102376 0.0102975
7.3 0.00979845 0.00986287
7.35 0.0093771 0.00944611
7.4 0.00897281 0.00904654
7.45 0.00858487 0.00866348
7.5 0.00821262 0.00829627
7.55 0.00785541 0.00794426
7.6 0.00751262 0.00760686
7.65 0.00718366 0.00728348
7.7 0.00686796 0.00697354
7.75 0.00656495 0.00667651
7.8 0.00627411 0.00639187
7.85 0.00599493 0.00611911
7.9 0.0057269 0.00585775
7.95 0.00546956 0.00560733
8 0.00522244 0.0053674
8.05 0.00498511 0.00513754
8.1 0.00475714 0.00491733
8.15 0.00453811 0.00470639
8.2 0.00432764 0.00450432
8.25 0.00412534 0.00431077
8.3 0.00393085 0.00412538
8.35 0.00374381 0.00394782
8.4 0.00356389 0.00377777
8.45 0.00339074 0.00361492
8.5 0.00322406 0.00345896
8.55 0.00306354 0.00330962
8.6 0.00290889 0.00316662
8.65 0.00275981 0.00302969
8.7 0.00261603 0.00289859
8.75 0.00247728 0.00277307
8.8 0.0023433 0.0026529
8.85 0.00221385 0.00253786
8.9 0.00208868 0.00242772
8.95 0.00196755 0.0023223
9 0.00185025 0.00222138
9.05 0.00173653 0.00212478
9.1 0.0016262 0.00203232
9.15 0.00151903 0.00194382
9.2 0.00141483 0.00185912
9.25 0.00131339 0.00177807
9.3 0.00121453 0.00170049
9.35 0.00111805 0.00162625
9.4 0.00102376 0.00155521
9.45 0.00093149 0.00148723
9.5 0.000841051 0.00142218
9.55 0.000752271 0.00135994
9.6 0.000664977 0.00130039
9.65 0.000578998 0.00124341
9.7 0.000494165 0.0011889
9.75 0.000410313 0.00113675
9.8 0.000327275 0.00108685
9.85 0.000244887 0.00103912
9.9 0.000162987 0.000993459
9.95 8.14121e-05 0.00094978
